[CHASE_0]
DISTANCE=3.000000
HEIGHT=1.400000
PITCH=0.034906


[CHASE_1]
DISTANCE=3.900000
HEIGHT=1.900000
PITCH=-0.017453
